68 64 3243
36 6 28
40 6 29
68 48 29
43 24 20
1 57 6
14 31 6
55 62 29
1 48 21
48 18 3
23 47 25
56 22 18
2 20 21
21 34 25
41 18 13
33 34 18
45 22 2
45 59 3
26 56 7
61 47 29
45 29 28
27 59 30
7 54 11
51 7 8
14 23 21
28 19 9
9 9 17
54 55 15
65 37 5
58 60 29
52 44 9
61 5 29
8 40 30
57 55 29
37 23 11
54 10 24
53 21 17
19 24 10
17 18 14
10 57 14
24 56 29
19 27 19
16 54 10
58 56 19
47 14 18
57 17 30
10 8 28
19 40 8
68 23 28
19 14 4
10 21 10
8 29 25
22 13 3
38 9 7
35 53 23
1 26 22
65 31 12
63 45 13
38 61 25
52 31 21
29 60 5
46 42 2
62 24 13
54 13 2
18 8 8
62 50 26
19 11 25
33 60 15
28 42 15
29 7 8
64 52 30
19 59 26
26 35 9
15 28 27
36 22 28
65 6 27
29 52 30
62 52 30
9 22 29
54 58 4
27 24 28
19 6 5
40 2 6
56 47 6
41 39 22
21 11 19
39 36 15
31 54 2
7 29 23
61 27 15
44 45 11
22 6 16
65 52 14
4 41 14
55 35 17
14 42 21
53 37 29
49 43 16
51 60 19
54 41 5
52 50 9
7 7 23
42 1 14
27 45 24
15 33 16
35 34 6
32 2 16
5 56 20
23 37 13
32 49 20
30 33 2
52 3 13
57 44 4
48 15 29
51 3 4
38 32 3
23 58 7
61 3 24
25 16 29
68 37 2
32 19 7
61 36 22
40 42 5
25 33 6
67 32 2
49 26 26
15 1 18
45 60 5
6 1 15
29 1 26
28 17 25
55 14 27
66 57 30
1 34 28
51 18 21
33 64 18
32 47 21
10 7 27
8 45 20
16 23 29
25 32 19
26 25 5
65 16 26
57 22 10
45 41 13
7 43 28
58 40 23
35 26 18
10 53 8
18 34 11
1 56 4
50 39 30
54 37 27
53 56 29
31 19 3
54 9 21
34 13 12
55 27 13
59 51 23
26 28 5
59 13 12
6 44 10
41 31 11
65 13 18
9 55 5
13 2 10
22 8 1
43 1 28
51 13 22
3 62 20
33 12 24
3 17 30
37 5 28
51 48 21
47 58 22
21 61 3
46 23 16
41 8 20
57 3 16
24 8 19
28 49 12
12 37 11
25 7 18
18 21 17
21 37 22
28 23 26
38 21 28
14 25 24
16 57 27
67 41 24
67 64 23
55 34 27
43 16 3
47 49 3
13 51 25
53 34 19
66 40 28
66 5 6
68 8 15
14 61 13
62 7 9
49 51 10
2 4 29
54 12 14
64 7 3
44 22 27
52 54 11
29 5 27
43 61 3
30 48 13
29 51 25
40 23 8
16 26 10
54 31 4
7 2 4
53 25 22
49 53 14
22 12 2
29 45 19
11 20 10
56 48 28
39 15 11
48 47 29
26 48 28
51 36 29
14 62 3
41 38 23
3 32 19
57 46 22
40 9 18
1 15 10
2 58 21
20 25 26
49 11 23
11 55 7
21 28 14
29 14 15
25 8 24
42 8 1
49 54 17
9 15 24
53 16 11
29 56 11
67 40 4
47 63 4
58 16 5
10 2 9
24 23 7
13 14 22
17 64 19
20 1 28
44 6 22
12 22 28
26 43 26
37 3 17
64 23 25
20 2 25
67 2 26
16 6 12
51 28 1
32 55 9
54 48 30
14 1 4
57 51 7
52 59 5
64 11 10
32 33 9
42 17 27
47 43 28
32 15 29
17 12 8
67 11 30
49 47 15
2 63 20
60 34 13
44 44 14
43 13 27
43 52 4
21 2 9
59 58 22
48 31 23
59 55 3
13 6 18
30 55 17
67 10 26
36 30 10
8 25 19
24 7 17
44 52 27
28 20 16
41 23 6
41 1 8
12 53 29
21 5 4
4 6 1
11 25 16
3 23 11
33 46 10
31 31 1
36 64 25
54 20 18
62 55 14
65 39 24
53 40 15
47 4 28
49 39 30
47 59 10
56 19 2
18 35 15
44 61 18
17 28 23
60 17 27
12 39 21
42 23 22
12 4 13
29 27 4
10 62 17
52 42 14
5 53 27
19 10 14
38 39 21
8 35 13
68 36 12
61 14 11
37 55 19
66 43 9
15 23 17
16 10 27
42 40 27
64 29 7
24 21 6
58 48 20
59 11 3
64 5 24
25 53 9
39 58 11
44 39 29
34 36 6
61 24 29
32 53 29
12 40 22
64 35 14
24 37 22
29 15 4
41 37 19
32 8 4
53 57 29
52 48 3
49 58 7
6 12 21
37 9 1
46 14 9
3 11 6
7 36 22
11 50 25
44 53 2
15 54 21
28 8 9
34 55 20
14 13 18
7 39 1
46 57 28
44 54 19
24 64 23
56 40 24
46 10 4
14 36 11
6 53 10
46 51 12
15 11 14
38 27 4
3 56 26
8 10 30
2 31 2
17 41 8
64 45 10
39 56 16
13 9 4
60 14 21
55 4 21
5 30 9
31 63 21
59 10 3
29 35 2
17 55 19
43 2 7
26 57 6
37 39 15
54 64 24
17 16 30
22 45 20
40 10 1
56 43 29
45 12 24
35 57 5
58 59 7
35 13 16
52 40 30
22 11 3
45 64 8
27 6 6
34 22 20
64 54 18
46 16 9
1 18 26
9 18 4
6 21 18
32 42 24
29 8 18
60 56 10
38 19 13
40 59 15
16 64 15
26 12 6
42 9 27
67 16 21
10 6 27
36 56 11
55 29 5
19 49 18
59 27 16
38 17 6
18 48 20
11 47 4
44 34 18
66 47 30
29 32 3
21 47 27
44 36 29
15 21 25
35 49 1
20 21 22
65 41 15
55 12 28
29 62 5
11 5 21
5 61 28
14 48 5
31 55 27
50 49 1
60 25 20
51 14 8
28 12 4
29 40 20
47 15 18
27 62 19
42 27 4
16 25 9
62 41 3
66 19 9
49 23 30
39 31 3
56 53 9
55 61 9
38 47 21
50 50 9
55 23 7
60 45 11
50 36 29
39 8 26
36 7 6
2 25 13
38 52 27
25 19 4
28 56 20
29 30 3
31 27 9
15 25 16
24 4 19
37 33 9
12 32 13
5 57 8
1 23 27
35 35 3
46 63 2
18 64 25
45 7 24
31 47 29
35 14 17
49 49 12
52 15 2
18 14 2
35 18 16
15 12 22
65 64 15
20 51 27
2 33 18
66 45 25
18 10 5
46 31 4
6 51 24
43 29 8
22 28 12
62 60 26
62 30 10
10 61 6
64 39 9
5 6 5
30 19 3
2 18 7
10 17 19
10 31 17
68 53 3
34 52 3
20 36 24
58 19 6
62 4 25
18 17 22
48 1 11
48 25 21
3 12 5
67 60 9
65 4 2
35 3 11
48 48 20
58 10 11
41 6 21
29 42 27
14 30 29
42 31 2
30 57 21
49 37 30
30 13 12
38 58 16
52 17 23
61 57 19
59 41 6
13 28 20
33 39 9
45 43 9
52 51 21
31 6 30
1 35 4
63 55 1
18 41 8
18 43 12
25 36 24
47 17 30
65 55 10
60 18 20
47 60 1
31 51 3
34 15 7
50 8 23
20 40 29
25 27 22
8 63 25
23 5 4
61 26 21
56 44 2
66 30 16
47 18 16
22 61 25
8 12 18
3 16 24
37 47 17
39 26 12
28 59 27
17 31 10
59 8 15
13 52 8
37 12 13
38 41 24
57 34 5
64 18 3
26 22 26
30 12 28
22 2 12
57 43 13
44 13 15
61 45 8
17 58 13
45 36 23
52 33 7
20 56 19
68 10 16
27 29 29
43 42 12
9 35 25
29 26 4
63 43 29
64 42 26
4 26 1
51 5 11
61 23 28
65 33 12
41 47 30
26 51 8
25 13 20
47 8 6
29 49 6
4 9 19
20 41 11
58 33 18
66 3 9
2 27 22
51 56 17
34 26 15
22 43 7
40 28 28
58 28 12
27 63 3
9 34 23
66 29 17
62 46 3
42 54 28
9 24 9
52 53 17
14 15 29
27 23 4
32 4 15
58 11 6
1 28 20
15 20 25
46 6 6
53 24 3
64 38 6
13 35 15
6 2 19
52 39 7
56 17 24
5 16 3
46 30 26
36 25 29
34 39 14
53 28 5
30 16 8
18 36 26
52 34 18
48 29 25
16 51 5
23 62 23
41 9 26
20 14 20
60 36 26
33 36 2
48 62 13
50 1 13
54 39 27
11 8 25
31 3 25
44 41 15
57 9 24
30 60 14
47 29 29
35 28 1
15 3 14
14 56 9
1 51 7
52 16 8
24 29 9
48 9 10
15 43 22
2 59 27
54 33 27
42 57 21
27 60 27
45 17 11
10 1 23
56 61 25
61 59 15
57 50 3
3 9 11
14 14 30
47 10 28
39 7 12
39 37 7
55 20 1
32 29 6
26 34 7
34 8 19
27 38 7
44 16 22
31 60 15
62 42 13
11 16 1
22 20 17
30 58 11
23 45 13
60 4 8
67 50 18
15 46 16
35 8 23
54 26 25
22 29 12
24 9 28
53 38 1
5 50 8
41 62 30
37 18 11
55 13 3
16 32 19
27 11 19
68 49 11
18 29 1
19 64 22
37 44 2
48 3 4
13 8 1
42 59 9
51 33 11
16 52 14
53 13 29
17 22 26
1 24 10
24 41 14
1 21 29
36 41 14
25 52 6
16 3 12
52 1 11
11 37 24
30 8 19
62 45 27
60 16 9
31 45 10
59 1 13
41 35 22
51 52 8
42 47 12
35 55 19
50 20 9
22 42 24
10 19 20
8 9 16
8 36 24
24 18 21
10 36 6
57 41 18
16 9 27
55 7 13
15 9 10
43 9 6
12 7 21
4 2 9
62 6 19
50 51 20
5 4 29
46 26 24
24 59 3
60 60 8
37 48 13
55 15 9
53 39 17
1 11 19
64 41 17
16 45 16
49 61 3
29 38 28
63 59 30
35 45 24
26 9 5
56 7 13
21 42 4
23 33 12
62 57 24
6 35 12
20 54 15
63 25 4
46 5 3
63 12 27
27 50 7
57 39 10
1 43 7
42 62 8
56 30 24
1 55 16
53 49 9
13 49 2
62 16 10
28 2 29
4 50 14
25 22 16
26 59 11
43 45 5
22 64 3
23 21 23
51 59 4
9 60 7
52 58 3
42 60 25
41 51 14
6 40 25
10 30 14
20 5 20
67 43 5
6 62 11
67 19 27
25 15 1
48 22 17
6 56 7
43 35 14
17 15 26
24 14 7
37 31 18
51 15 28
17 37 9
61 56 6
64 56 20
30 43 17
48 51 5
59 37 29
7 6 8
37 24 17
17 21 24
31 1 30
35 19 12
40 38 12
46 28 14
37 49 3
56 31 7
21 15 12
41 13 4
14 44 17
12 10 24
38 50 5
64 37 29
66 11 23
52 21 6
15 4 2
67 42 22
7 41 15
58 7 24
29 19 4
65 61 28
47 44 16
68 6 20
6 49 30
11 40 15
37 26 10
31 25 7
52 25 26
17 3 17
2 36 9
61 40 6
11 21 30
46 62 11
7 33 10
11 29 20
12 2 15
30 9 25
60 11 29
33 17 26
26 55 21
22 51 14
32 43 25
11 43 16
22 14 22
62 18 21
8 14 30
50 17 14
5 43 4
7 21 26
18 56 25
32 7 15
38 31 26
58 21 16
8 46 11
62 51 30
48 19 22
22 1 8
21 24 21
56 4 6
28 51 12
61 52 22
11 24 29
60 42 17
38 56 13
56 36 4
59 26 9
1 16 11
2 61 21
36 29 22
66 10 15
46 24 22
11 57 12
26 24 7
3 41 21
31 12 13
28 4 22
1 44 15
67 15 5
33 47 12
61 32 30
41 63 27
33 32 30
68 54 4
39 29 12
20 22 5
38 6 1
44 63 22
63 30 4
68 31 10
68 46 7
38 36 29
23 7 23
4 58 7
34 25 14
35 4 13
31 43 23
36 9 5
35 11 7
45 51 22
17 36 22
63 19 21
52 52 29
48 58 16
32 63 13
63 24 3
33 54 21
19 52 28
63 15 14
20 13 1
16 63 26
3 22 22
64 58 1
44 62 9
52 4 12
66 6 30
14 47 26
23 17 6
68 59 29
6 33 1
12 33 25
44 27 20
2 10 4
17 6 19
36 24 21
45 39 6
52 12 19
50 41 4
1 45 2
40 51 15
7 12 25
55 18 21
4 24 28
39 42 14
14 4 9
23 11 15
24 60 18
60 50 30
23 38 24
62 14 21
35 63 30
6 9 10
29 61 10
42 38 1
6 43 7
25 43 7
29 64 23
52 61 26
50 35 29
46 64 24
48 2 12
54 49 8
62 26 13
37 53 9
4 3 17
30 28 5
45 57 21
12 41 24
40 24 28
46 34 29
67 1 13
25 28 23
35 6 30
12 59 20
57 58 8
2 21 18
9 44 23
14 63 30
62 62 28
46 7 2
43 10 17
24 6 13
39 23 17
6 34 19
23 39 2
62 53 3
14 34 26
20 18 6
42 33 10
15 48 5
28 29 10
38 4 17
12 27 22
7 38 4
57 14 3
40 54 24
65 42 27
60 35 20
59 20 20
52 47 17
16 50 2
68 43 9
4 61 30
22 40 26
45 63 22
13 56 23
31 38 1
7 9 24
66 53 10
36 20 28
53 33 21
67 47 3
64 44 7
49 20 15
32 61 24
56 55 27
7 59 29
53 41 13
63 20 14
39 61 2
6 64 21
64 63 21
33 45 27
20 38 18
37 54 29
20 28 25
26 17 28
12 21 7
6 50 23
47 21 27
28 57 27
1 9 4
65 30 4
58 61 2
15 53 19
36 35 1
57 18 17
51 17 3
63 14 23
56 25 21
49 17 19
36 60 5
59 44 20
12 25 9
59 52 7
52 57 7
2 35 19
54 29 4
27 12 22
18 7 12
23 10 6
54 32 30
63 35 9
55 57 3
24 12 24
16 27 28
20 45 15
5 20 18
31 50 21
6 19 16
29 2 29
54 8 11
61 46 24
19 35 9
19 48 25
34 34 17
13 16 21
54 11 25
22 10 26
66 55 13
43 38 8
6 30 8
26 62 6
50 23 21
41 58 2
33 58 9
8 57 19
7 16 9
56 63 13
35 31 24
26 33 20
35 50 15
62 10 17
11 48 25
34 18 15
19 16 1
17 57 7
24 45 8
21 3 9
57 32 12
66 50 14
64 60 1
51 31 19
50 10 10
67 34 5
49 28 10
66 41 15
6 11 19
66 42 16
62 44 14
60 12 6
15 50 14
58 51 30
13 59 19
64 13 13
30 47 11
12 54 29
42 22 8
3 7 14
58 53 30
64 40 10
50 43 10
26 37 16
52 7 23
67 54 26
66 35 5
5 41 1
61 9 24
43 20 8
8 60 9
37 46 30
63 58 16
15 55 18
57 29 10
32 13 22
58 62 12
25 30 1
39 53 7
18 3 3
58 27 18
9 10 22
62 28 18
53 52 16
57 36 12
45 50 3
8 15 9
7 27 5
68 18 6
61 11 23
28 39 16
31 28 24
37 21 7
13 15 22
59 14 18
6 38 2
51 25 5
68 19 15
29 33 3
5 51 20
49 46 28
43 7 8
48 33 2
60 39 14
59 4 4
61 55 22
19 9 5
7 51 30
63 2 25
42 37 30
59 22 29
63 60 11
68 64 27
46 19 18
45 27 6
39 28 14
11 14 25
51 16 22
24 25 1
57 61 2
53 7 2
31 64 26
45 11 26
11 18 16
64 28 5
50 25 3
8 51 13
6 10 3
1 36 30
49 24 27
36 4 12
37 41 24
48 38 26
15 26 17
19 3 12
47 56 30
32 44 1
9 4 21
37 43 27
29 63 21
39 12 27
66 46 13
17 25 11
46 61 7
29 6 26
47 51 29
38 49 12
63 21 1
38 60 30
6 31 21
35 62 27
5 35 22
42 44 4
14 33 22
59 46 17
16 2 26
32 32 30
21 25 8
40 45 4
5 5 22
45 61 15
42 43 8
63 10 10
1 46 8
52 14 25
61 25 27
17 40 3
10 9 19
51 34 1
58 50 26
1 33 16
10 45 18
16 12 29
9 20 1
22 36 23
45 46 7
4 53 8
63 41 3
10 51 2
26 14 25
36 31 16
50 28 18
35 51 24
37 58 19
48 28 27
61 13 13
56 12 25
22 48 3
68 56 11
17 14 16
67 48 15
47 57 13
39 55 30
35 48 3
32 56 22
53 53 15
54 30 13
34 19 23
20 44 10
10 15 3
39 17 29
61 21 23
3 29 28
38 33 28
10 42 11
23 19 4
43 17 10
55 47 2
10 37 16
39 5 29
30 56 1
64 32 4
43 40 18
35 1 28
37 57 26
65 58 21
50 61 16
57 24 17
8 32 13
25 61 1
1 53 12
23 14 6
50 29 24
4 45 9
8 55 27
32 37 21
48 53 20
5 42 25
2 38 12
28 44 28
53 51 8
1 3 10
22 4 16
19 44 30
11 10 26
19 18 26
11 3 18
18 1 10
25 20 20
20 57 18
63 27 4
54 17 24
37 22 24
48 41 2
58 37 20
12 38 19
56 5 16
55 1 27
4 35 30
25 34 28
25 29 13
59 40 13
6 52 13
59 53 7
24 28 5
6 47 22
19 45 10
49 21 9
29 37 24
29 3 9
19 17 17
4 14 17
28 48 20
3 14 1
38 29 23
57 21 21
46 40 22
68 24 1
66 32 24
43 15 12
9 12 27
34 57 7
18 58 29
20 43 24
36 2 14
67 8 25
16 1 12
48 56 11
18 37 4
37 45 19
34 9 25
24 46 26
60 32 7
55 58 9
67 49 16
13 32 30
57 42 5
22 41 25
51 58 2
3 31 7
68 51 16
63 56 8
28 3 18
67 36 22
10 28 5
16 46 5
42 45 10
66 33 13
52 2 16
67 46 7
32 51 9
10 24 25
55 55 6
54 21 21
8 56 1
23 40 7
53 60 29
42 13 15
5 44 26
2 23 15
41 25 27
28 37 23
64 49 4
13 55 16
51 4 9
37 1 24
64 16 12
25 37 25
40 63 13
61 1 5
27 41 27
24 16 18
29 39 26
21 55 19
30 1 30
28 30 12
30 2 4
66 63 23
55 41 9
47 5 30
38 7 25
62 11 13
4 12 14
61 22 14
19 32 10
48 50 20
56 56 11
38 37 22
41 20 16
31 57 24
30 24 17
5 14 27
39 9 27
13 45 7
4 64 27
66 51 25
60 8 30
59 57 22
18 38 29
17 63 19
33 30 16
10 27 16
26 11 1
56 62 25
41 21 17
41 49 13
27 56 18
35 54 21
22 23 15
21 57 29
57 13 26
26 30 18
41 30 22
9 21 5
58 63 21
18 2 25
56 39 11
63 8 27
67 3 2
36 38 4
12 26 1
3 1 21
57 64 4
65 38 10
23 28 1
17 26 29
68 21 29
5 9 9
13 21 3
49 45 14
54 18 11
9 62 19
60 53 23
2 7 7
16 40 3
30 36 20
58 23 11
47 11 16
30 17 28
66 23 11
14 2 5
8 53 1
8 23 21
45 38 24
45 47 27
45 31 21
45 1 10
45 52 5
31 9 22
60 15 10
2 53 4
52 6 3
67 44 14
13 48 23
33 31 5
20 46 24
51 44 28
25 63 26
3 49 7
43 18 14
33 4 24
14 55 12
31 24 24
36 49 1
18 39 26
30 44 15
64 34 6
44 11 18
66 9 22
64 50 30
48 5 21
14 53 9
63 37 29
60 38 16
11 46 19
13 27 9
51 32 2
14 19 7
58 30 22
54 60 2
19 1 28
21 58 22
13 20 2
36 36 7
51 39 25
19 21 9
8 2 23
61 15 7
37 25 22
34 58 25
61 49 16
6 57 9
9 39 13
21 44 14
58 24 8
31 4 7
53 18 17
19 46 29
5 2 21
39 47 21
3 46 15
29 55 21
57 16 18
26 5 12
31 8 20
25 59 20
65 2 20
36 3 5
55 44 22
32 18 16
1 63 16
9 64 3
65 3 24
48 12 8
31 36 28
63 42 21
2 15 25
34 6 26
28 1 22
54 14 16
6 55 10
8 8 12
28 54 11
49 29 30
41 59 5
51 10 19
1 30 1
27 64 16
41 24 23
66 62 10
8 26 24
26 58 19
38 2 14
25 57 17
51 57 14
58 36 28
23 24 10
3 59 22
56 34 26
28 32 24
53 45 21
20 34 13
4 54 10
21 40 5
44 2 4
13 11 21
14 45 22
31 56 6
53 23 22
27 20 2
63 34 10
4 49 4
68 61 26
46 32 21
17 38 12
25 25 11
2 28 12
21 39 16
35 15 21
20 52 23
56 2 14
4 29 2
22 52 2
4 31 30
21 36 14
19 36 7
28 55 7
10 33 7
9 33 30
12 36 15
64 20 23
44 43 15
10 64 24
8 5 14
24 57 25
65 51 21
16 4 28
4 4 15
7 52 9
44 29 13
59 7 21
4 44 29
61 17 24
8 59 14
5 45 22
5 39 25
61 53 3
68 13 19
25 12 16
5 49 6
4 60 12
15 64 18
16 49 28
67 58 21
19 22 17
49 50 27
36 12 4
9 36 7
6 41 19
57 12 8
42 64 18
54 42 4
13 4 25
67 14 13
50 40 17
35 29 13
23 59 21
15 58 10
1 29 13
26 7 28
63 62 22
31 5 13
26 40 24
47 26 27
12 28 22
63 7 27
20 60 6
19 53 27
7 64 7
59 32 13
13 7 22
18 33 15
19 42 22
16 33 1
12 42 3
22 26 21
68 34 28
16 22 6
47 53 19
59 17 6
28 63 20
33 20 26
23 46 11
13 19 13
27 28 25
60 9 19
25 3 28
60 24 16
64 47 16
41 7 26
11 64 24
19 13 3
2 29 25
65 60 21
26 41 6
7 45 25
56 64 29
67 38 7
9 46 1
40 16 5
68 17 29
34 45 28
13 25 28
33 13 29
5 12 2
16 18 20
11 30 5
37 50 21
49 62 12
5 37 8
46 53 13
51 55 12
30 54 11
41 22 16
10 39 30
13 58 30
60 13 7
41 34 1
24 55 22
19 12 9
11 32 2
16 58 22
59 15 29
55 43 20
1 62 5
31 46 10
7 5 28
48 60 20
68 63 7
58 29 23
15 13 8
1 60 26
33 49 6
40 56 29
32 62 28
9 7 4
12 43 18
55 54 23
41 55 9
4 1 23
16 37 16
56 21 15
53 48 30
43 28 29
42 51 11
15 22 30
9 1 25
58 39 4
17 27 28
61 30 2
24 53 19
7 30 2
48 8 24
64 48 4
65 57 12
11 19 13
65 53 28
3 42 8
59 49 15
60 30 14
6 45 23
13 38 24
63 61 7
8 64 10
63 6 3
56 59 19
35 61 28
35 20 13
44 15 8
28 36 17
25 40 14
18 50 28
61 2 7
16 14 2
18 26 12
8 11 28
50 34 11
22 39 7
67 56 29
62 19 13
14 37 30
22 38 1
21 7 8
37 36 21
54 19 12
48 57 4
15 30 14
45 2 28
55 17 8
51 64 18
55 28 21
6 24 27
40 21 18
9 43 10
46 60 10
45 62 20
6 26 8
34 53 10
58 20 8
43 41 2
44 64 11
31 59 19
54 61 10
38 1 29
35 37 3
14 57 25
55 63 15
59 45 9
26 18 28
52 24 26
19 50 12
7 10 10
32 58 24
43 57 17
30 22 9
19 20 28
44 38 14
57 56 2
62 34 18
55 19 3
6 17 30
20 27 17
60 49 2
58 18 27
31 52 22
50 21 8
65 10 30
9 61 15
13 57 8
49 2 11
63 39 18
54 36 24
40 49 27
37 56 15
68 9 30
44 30 23
26 29 7
53 3 5
39 32 3
1 5 11
67 39 8
33 18 10
60 19 23
59 18 20
23 4 29
53 58 14
65 29 30
25 50 13
61 50 9
60 62 7
34 14 4
55 36 17
14 9 25
66 4 4
33 56 28
18 31 28
19 55 21
21 49 9
2 8 17
54 35 27
10 32 18
34 11 20
65 47 15
8 37 15
16 35 16
18 60 1
15 57 28
5 36 4
54 25 18
44 28 4
64 62 7
8 61 27
31 42 7
53 32 15
13 39 25
1 47 26
6 6 28
48 34 17
41 45 4
57 48 11
49 10 3
46 3 26
9 28 1
12 16 14
25 18 12
8 19 10
52 64 7
60 2 7
58 3 16
37 10 26
52 41 11
24 44 17
19 61 11
56 60 30
16 61 30
26 53 13
34 56 18
38 22 1
2 14 14
49 22 17
59 30 19
10 52 12
32 3 18
50 42 2
14 29 5
3 25 21
58 55 12
20 39 29
42 10 2
63 32 28
10 35 2
57 5 17
40 53 16
7 25 3
29 20 21
68 55 9
7 20 19
68 40 23
17 10 24
28 13 8
41 33 14
56 13 9
19 37 27
29 50 12
28 18 2
31 7 10
15 27 24
27 47 8
41 5 28
20 7 2
4 47 13
56 41 30
40 32 29
50 6 23
40 19 18
32 60 29
62 47 27
17 7 22
65 49 18
48 55 13
2 48 5
41 64 4
3 48 15
51 6 13
15 15 1
35 21 5
9 53 23
7 61 30
60 59 1
65 34 17
34 5 30
52 35 8
35 33 16
65 46 13
33 40 20
39 43 13
4 57 22
41 52 10
37 8 16
27 4 28
14 35 23
52 32 14
62 37 17
30 5 13
56 15 16
29 54 5
42 50 12
57 27 9
56 23 29
36 14 1
36 55 22
35 64 1
22 22 5
43 44 4
30 64 5
35 25 17
14 46 25
18 28 27
63 33 7
45 53 24
59 60 20
11 62 25
39 10 5
60 43 28
38 35 8
20 15 17
62 25 1
22 50 2
4 11 14
49 13 6
46 33 14
17 20 28
3 13 28
36 10 24
63 46 23
67 18 17
34 60 1
32 21 9
46 18 11
25 1 27
29 46 13
9 51 25
12 47 24
20 62 17
52 36 13
17 34 7
47 6 10
8 54 1
14 11 1
46 12 2
5 10 23
63 49 6
30 34 14
33 55 30
49 12 28
25 26 7
68 57 12
24 3 21
20 11 29
7 48 9
48 43 4
8 42 14
62 32 28
42 39 27
34 47 14
37 19 18
45 45 11
21 63 27
55 60 28
36 23 10
60 52 26
47 41 21
30 11 14
62 20 5
30 30 10
9 23 14
13 40 5
49 1 6
64 33 21
62 40 4
60 48 3
44 40 1
9 63 10
59 25 15
50 58 26
40 57 14
44 58 16
66 22 28
57 15 22
24 49 9
66 21 7
31 14 23
3 10 18
27 43 17
62 2 28
9 17 8
42 58 23
27 39 6
39 19 20
10 25 10
52 23 5
64 14 19
5 34 25
29 31 30
6 46 17
53 5 2
35 17 11
23 31 10
40 52 28
16 55 20
20 55 26
20 59 20
50 59 6
3 45 3
27 44 26
31 10 5
47 1 17
2 64 15
30 61 27
20 20 15
45 6 22
37 30 26
58 47 12
19 4 4
58 41 29
18 53 30
9 59 7
50 15 8
53 14 25
16 29 21
14 21 5
33 1 1
61 60 27
35 47 7
49 56 18
62 38 1
30 32 1
47 9 13
41 19 14
11 44 5
16 17 10
32 39 8
63 44 21
5 23 13
43 34 12
24 47 21
2 13 23
47 3 24
66 13 27
32 24 10
44 35 25
47 22 27
64 55 18
52 22 30
21 26 10
46 44 29
62 5 12
12 51 25
54 22 16
42 25 23
19 33 13
2 54 11
67 53 13
27 17 2
39 13 27
39 27 11
45 55 3
43 6 8
42 32 19
64 1 26
59 19 26
25 42 8
14 54 1
35 36 9
47 61 18
40 13 3
44 5 3
58 26 1
13 42 18
40 39 6
27 25 29
25 54 1
18 16 12
64 27 15
3 50 27
49 32 9
7 31 15
1 7 10
15 40 11
15 62 16
55 49 30
47 19 16
60 28 18
16 13 28
38 25 12
24 38 2
41 32 26
42 16 20
43 25 22
42 41 16
36 44 26
37 28 8
43 23 25
10 23 26
30 38 26
51 23 30
57 20 1
2 57 30
42 20 13
64 57 8
36 13 27
55 26 15
13 33 15
23 56 1
38 3 28
17 45 24
12 34 30
13 36 17
16 30 10
21 60 8
21 46 10
28 24 3
39 30 8
39 22 1
47 64 17
12 62 7
7 4 14
68 3 2
41 42 15
49 30 21
3 61 23
43 64 28
54 47 19
42 24 23
19 39 27
8 48 28
8 4 17
41 29 26
4 55 16
51 9 23
50 9 29
7 15 29
38 63 28
19 29 26
21 23 9
32 17 22
28 7 4
11 28 8
52 20 2
38 42 2
8 7 28
53 46 6
31 2 11
47 39 18
40 1 9
56 16 20
60 3 7
7 47 4
7 14 25
2 50 22
49 7 23
39 41 29
39 14 18
36 46 10
34 42 22
62 56 4
23 13 23
16 21 1
51 47 8
21 12 25
64 12 18
34 23 27
31 39 4
11 49 7
49 44 28
24 50 23
56 35 21
59 56 11
19 38 13
26 10 9
10 44 12
34 48 11
33 27 28
65 25 11
66 24 19
38 59 9
35 5 18
34 2 28
11 27 9
36 52 29
64 19 11
43 33 19
8 39 2
26 49 10
44 59 9
65 20 8
50 47 12
38 24 13
43 14 4
49 34 5
40 22 16
64 31 12
47 50 5
66 56 20
38 12 9
65 9 16
60 29 28
6 25 27
11 13 2
51 29 26
36 58 4
44 25 25
41 15 29
19 58 27
59 16 23
54 27 7
7 13 25
16 62 24
64 36 26
43 19 2
48 21 9
38 54 15
37 6 17
2 34 21
12 50 21
10 49 5
25 41 24
22 34 13
19 30 3
17 39 2
38 43 26
9 52 14
18 61 19
55 56 2
13 43 7
25 47 28
11 23 1
51 41 11
2 40 3
21 32 23
39 62 4
61 6 12
52 46 4
57 26 18
21 31 12
11 17 7
56 9 14
8 30 15
36 28 14
45 33 22
12 64 13
58 14 11
9 50 26
26 4 18
33 41 29
4 25 13
45 34 5
30 27 26
27 14 30
39 6 3
62 13 14
22 56 21
63 22 6
9 40 16
58 54 4
50 4 4
22 54 12
30 45 30
23 53 28
68 11 13
66 48 2
26 21 28
26 60 8
38 44 8
15 56 6
32 52 11
22 3 1
40 31 7
53 27 8
49 18 21
38 40 21
24 34 25
56 8 14
4 46 16
5 38 7
21 33 11
12 17 8
53 22 1
2 3 3
67 55 13
33 16 17
40 64 28
46 55 1
34 35 15
43 11 14
8 6 7
5 26 26
17 13 5
59 39 19
55 21 18
48 61 13
15 45 13
27 36 3
50 63 12
23 2 25
19 47 14
57 52 25
67 23 4
36 1 11
4 37 19
62 21 7
25 23 25
36 48 19
52 11 19
32 22 4
45 19 26
49 25 14
60 40 26
14 3 6
4 33 13
46 43 11
34 61 23
38 8 22
42 55 7
38 11 14
36 39 12
68 12 15
5 24 12
3 38 18
44 4 19
19 54 13
37 27 1
58 1 12
67 45 25
63 48 27
14 22 25
26 50 8
18 20 13
12 3 30
3 34 11
31 44 2
23 9 7
65 11 18
4 8 13
21 54 5
3 53 13
35 12 20
48 42 13
3 28 25
41 36 2
45 37 23
32 46 18
39 25 11
9 16 18
1 22 28
1 32 16
65 12 15
50 2 24
54 56 10
36 54 6
39 52 13
27 26 18
50 7 7
43 12 22
46 47 3
48 27 3
39 38 10
66 49 20
13 54 2
50 14 17
43 60 3
8 58 11
28 25 3
49 5 24
66 8 20
29 24 5
17 29 6
44 1 15
49 31 20
26 45 30
32 59 23
35 44 24
64 8 27
68 50 15
41 53 3
6 36 24
2 45 27
13 47 9
17 42 17
14 64 21
14 59 5
54 3 24
31 41 8
60 54 29
33 24 27
63 4 13
30 49 23
56 32 2
62 12 2
29 36 16
59 29 23
14 28 24
33 7 21
2 44 12
60 31 6
59 21 1
35 23 13
36 37 10
39 39 21
19 2 28
53 62 4
15 61 28
31 17 19
66 64 21
41 10 6
64 25 22
23 60 4
18 55 17
61 39 22
55 16 25
27 61 18
45 23 26
61 29 18
46 56 8
8 3 8
55 5 30
50 53 5
12 57 29
52 28 6
54 57 9
51 43 19
57 47 12
26 44 7
66 17 24
33 37 13
32 48 3
22 55 15
12 45 1
65 59 13
14 27 25
3 15 1
47 37 27
2 60 3
34 50 4
5 62 8
55 11 23
33 52 19
38 26 22
4 7 4
57 38 6
1 64 27
17 61 8
18 63 25
3 33 29
38 16 22
11 60 2
34 41 24
11 7 13
41 46 21
33 59 17
16 44 1
21 52 26
52 13 4
3 6 9
33 61 5
31 22 29
48 14 27
3 20 24
30 50 6
16 31 1
47 33 24
25 2 25
32 57 2
67 22 20
68 44 2
42 18 20
34 28 13
13 44 8
64 51 11
32 23 4
28 43 25
31 33 11
25 44 1
57 57 26
41 41 23
32 36 8
27 58 7
3 52 29
6 4 20
3 30 7
47 46 30
19 5 3
30 35 4
34 40 22
25 17 12
40 61 4
43 3 16
27 7 29
9 41 9
27 2 14
25 9 5
12 58 22
62 15 20
54 34 30
14 52 23
51 51 12
23 52 4
21 50 28
29 29 15
39 2 1
21 53 15
54 46 22
21 19 11
7 24 18
28 52 3
4 17 22
32 54 27
24 63 3
51 27 24
66 37 13
35 30 26
19 8 10
7 34 3
13 10 14
18 46 4
67 52 3
9 8 5
38 34 29
24 15 21
64 46 25
30 15 6
47 7 25
12 60 19
26 13 25
11 1 27
53 59 9
49 41 30
54 44 28
24 52 9
40 17 4
51 20 9
3 2 25
22 57 22
12 18 24
23 32 9
59 38 26
13 46 25
32 11 2
48 10 14
23 18 17
66 12 25
3 40 15
7 11 22
27 16 30
14 40 29
50 26 17
7 56 2
67 17 15
4 63 9
17 35 25
54 52 29
58 42 18
37 40 29
44 19 1
2 9 25
54 7 12
59 28 27
46 48 15
6 18 30
43 27 18
27 13 25
51 1 18
25 62 17
57 33 25
12 8 24
19 51 5
60 44 20
15 52 12
68 1 10
61 38 19
11 4 10
15 24 23
24 35 5
52 8 20
27 49 7
34 31 17
53 10 12
45 24 21
55 51 10
39 60 18
49 40 7
14 24 11
11 42 28
65 15 7
65 22 9
55 30 27
30 4 22
49 52 21
7 42 8
21 20 5
63 23 16
26 61 7
40 29 26
51 19 8
47 48 14
52 18 8
11 45 13
63 9 13
31 40 18
54 53 15
20 49 14
50 31 26
61 43 16
18 54 22
8 16 8
40 44 9
36 43 29
12 24 18
32 12 13
26 23 26
58 58 20
34 32 17
56 29 23
50 56 15
3 55 8
6 37 27
36 59 16
35 40 9
65 50 28
4 18 20
41 11 7
22 24 24
6 22 2
10 40 6
47 23 16
30 14 29
65 21 24
38 20 19
2 30 2
35 32 5
51 12 28
1 49 7
5 47 9
24 32 1
49 9 16
34 21 17
41 27 19
46 9 24
44 60 18
41 57 1
18 24 26
27 5 28
62 35 4
15 49 16
6 20 23
10 55 26
43 32 26
14 32 28
34 62 8
22 35 29
41 44 11
67 9 17
41 40 7
40 34 17
35 22 3
28 38 3
5 29 23
40 55 2
19 7 8
46 36 4
38 51 19
4 48 15
10 38 13
44 12 2
8 47 27
40 37 4
23 48 11
32 27 1
12 19 18
1 27 6
14 51 14
28 53 2
68 41 10
17 54 22
33 26 1
40 60 11
20 12 12
18 32 20
25 14 27
23 1 13
50 48 18
13 63 22
66 61 6
49 27 8
23 36 22
6 3 17
51 11 16
59 9 5
66 39 18
38 13 10
57 60 4
18 5 1
32 50 6
16 56 3
68 30 27
34 4 9
51 37 4
26 19 14
1 40 10
64 53 8
9 49 14
37 29 21
5 32 12
65 17 18
44 57 19
20 3 29
49 16 3
53 20 2
61 35 27
14 7 24
11 12 23
9 6 29
39 16 9
50 64 13
60 41 19
63 53 8
42 15 26
36 34 26
15 42 28
30 41 15
48 26 17
22 25 14
17 62 8
57 8 18
67 28 12
27 19 19
41 48 15
21 62 19
14 49 7
58 25 22
59 62 14
4 10 19
28 31 27
68 2 26
29 11 5
35 9 12
61 18 28
5 17 18
34 54 12
29 58 14
7 49 4
43 5 6
48 20 1
68 29 23
16 5 16
51 24 23
57 4 23
26 16 16
10 58 10
24 58 16
48 54 16
29 22 10
9 42 21
34 27 4
53 63 24
20 8 27
50 32 25
1 14 7
27 46 25
32 35 11
59 12 29
14 10 9
2 5 16
34 64 14
53 11 29
49 14 1
66 20 15
28 5 15
48 52 12
24 51 15
28 46 27
40 20 8
23 15 12
10 41 4
34 30 6
46 13 23
26 52 15
68 45 21
49 33 23
53 64 5
11 36 4
56 33 22
44 3 23
35 24 15
17 56 9
57 40 15
8 18 20
40 7 14
1 2 8
40 26 2
60 23 8
65 26 13
7 37 21
14 6 8
5 48 5
43 36 4
11 39 9
1 13 20
37 32 30
36 33 11
65 8 25
9 56 20
65 36 5
7 23 28
20 10 4
40 35 24
22 62 12
2 47 25
14 38 9
10 4 18
56 18 24
47 36 21
3 26 3
16 15 11
45 10 23
24 54 18
52 55 2
4 43 4
55 42 4
35 27 24
49 15 16
1 17 6
54 5 14
33 29 28
35 2 23
36 8 17
11 41 2
16 39 29
63 29 21
11 33 21
6 58 1
4 32 3
12 46 20
43 31 16
61 58 8
59 34 14
43 51 8
32 28 19
39 64 2
32 6 27
37 52 15
5 8 23
23 26 20
46 49 10
53 35 27
44 8 7
11 51 30
24 17 26
20 32 4
36 19 27
46 50 23
44 32 16
9 11 3
55 46 27
25 5 18
47 16 4
6 32 4
21 38 24
11 6 14
29 25 13
28 11 1
17 17 27
57 23 9
53 6 14
62 22 30
64 6 11
27 42 15
27 37 15
4 20 29
6 15 23
22 5 10
34 49 19
4 51 30
37 13 18
40 36 5
60 55 5
9 29 27
12 23 10
21 51 11
12 20 13
65 23 5
12 31 17
60 26 16
39 54 18
17 53 18
31 49 6
2 19 22
59 6 11
63 51 1
21 48 27
57 35 14
20 16 13
52 63 10
59 61 19
36 5 2
21 1 23
45 32 20
66 25 30
59 31 20
66 31 22
2 51 1
44 7 23
23 12 23
1 59 9
37 17 13
4 16 6
3 54 1
17 1 4
12 13 10
32 34 28
28 34 5
18 23 5
43 30 12
4 30 1
15 41 7
10 14 4
37 64 15
3 39 10
12 9 30
18 49 21
39 24 27
25 38 17
15 7 27
49 19 14
17 33 9
38 45 24
1 58 4
47 34 22
54 51 26
57 25 16
52 9 26
5 1 16
3 44 8
40 11 9
61 63 28
13 50 10
7 58 8
35 42 15
15 5 17
40 47 17
21 13 14
60 33 28
46 4 13
33 15 3
13 22 4
22 58 18
60 1 13
61 54 10
45 9 16
30 3 3
35 56 6
42 53 5
42 28 20
44 33 18
23 16 20
50 3 11
45 3 21
43 37 15
59 36 5
58 57 15
2 62 13
63 52 2
36 51 2
17 51 2
54 6 17
68 62 3
22 7 21
4 21 3
31 16 23
26 31 28
54 54 10
66 38 13
26 26 29
57 53 18
31 32 29
41 14 13
5 59 28
26 42 16
64 2 23
45 58 5
3 24 11
67 62 15
17 43 16
51 45 4
18 59 27
37 20 30
5 64 16
37 37 24
43 53 15
32 40 17
53 26 22
49 35 20
12 12 28
52 49 13
40 41 5
44 50 20
55 50 18
5 21 10
46 58 29
28 21 25
11 26 21
61 61 30
37 16 4
66 58 8
24 39 3
6 27 2
27 1 5
23 30 15
13 64 21
7 53 17
37 4 4
34 44 1
5 18 14
56 3 26
7 19 11
14 18 18
15 47 14
32 16 17
45 30 9
45 56 10
7 32 25
28 15 18
37 51 17
50 33 18
39 18 14
58 49 25
24 2 5
40 15 24
33 25 12
29 57 27
25 49 6
46 21 2
51 21 25
1 1 22
28 50 22
10 10 30
8 1 10
43 43 9
46 52 13
22 46 5
21 6 27
45 25 18
30 25 7
12 44 17
36 27 14
61 34 19
35 10 5
23 54 6
3 3 7
47 47 4
11 34 19
65 63 7
66 28 29
53 12 30
43 47 23
33 10 1
15 6 9
1 38 2
5 15 21
61 33 27
20 53 3
13 24 16
57 63 24
32 14 26
16 34 12
25 31 19
23 41 30
58 13 24
51 53 10
31 26 28
47 30 11
45 21 24
42 26 9
56 24 24
67 4 13
56 20 18
62 49 29
45 35 17
2 6 13
29 18 7
13 3 2
50 18 19
52 45 8
10 34 25
46 41 30
40 58 10
19 23 29
21 10 4
64 4 14
44 56 15
15 14 27
3 47 30
35 52 11
24 22 17
58 52 13
26 63 19
5 58 11
33 23 22
38 64 15
35 43 19
56 14 13
62 39 4
38 55 16
3 27 16
34 59 10
54 24 6
6 60 10
7 18 21
55 24 12
22 60 12
65 1 9
14 43 6
15 39 7
22 15 25
64 21 11
9 58 16
24 31 14
63 13 12
9 3 20
23 29 2
3 5 17
64 61 18
42 11 27
23 55 6
26 47 14
9 19 14
33 62 22
62 33 16
39 59 8
43 58 11
38 10 8
65 40 3
11 52 12
21 8 20
61 64 27
2 26 16
41 56 30
13 30 22
48 6 16
8 13 5
3 37 8
21 9 16
67 12 7
25 51 24
63 17 5
33 53 11
64 10 17
45 54 9
27 35 16
6 61 12
41 17 10
53 54 8
62 64 22
31 53 11
44 49 4
22 37 7
58 22 9
36 45 9
63 1 6
48 30 11
25 21 28
33 42 11
11 56 8
56 52 14
51 22 5
40 46 6
29 28 12
29 13 20
37 42 14
14 58 12
29 41 15
63 38 28
22 44 17
15 60 6
42 7 13
26 64 8
9 13 16
40 48 7
45 40 10
9 31 5
7 8 27
28 6 10
4 34 28
19 28 29
2 24 21
62 63 25
40 5 23
1 4 24
46 17 26
17 59 13
6 13 13
38 30 11
22 17 8
28 61 18
67 51 15
18 44 5
41 43 25
27 57 24
33 9 29
36 40 9
31 13 19
30 20 15
15 16 9
66 44 3
30 18 13
27 3 11
37 34 24
67 25 6
51 26 29
3 64 28
23 63 4
41 60 4
5 31 14
42 21 9
18 40 19
22 30 1
30 26 3
32 10 10
15 19 17
33 43 14
59 33 1
28 60 27
17 48 9
63 18 11
50 27 6
68 27 27
20 19 6
7 22 12
2 56 22
58 9 22
56 11 30
16 59 6
